8.765594222E-2
2.216554536E-1
3.863463399E-3
1.877903611E-1
-1.623836224E-1
1.313358700E-1
1.002580352E-1
1.236612071E-1
-2.509798608E-1
-5.463032448E-1
-1.711731233E0
-2.127293123E0
-2.960065548E0
-3.493217346E0
-3.586970232E0
-4.388316656E0
-3.798913638E0
-3.629323167E0
-3.442995201E0
-3.043702083E0
-3.116359169E0
-2.171786882E0
-1.985526477E0
-1.743372988E0
-9.697731854E-1
-1.689096619E0
-1.849106619E0
-5.256880554E-1
9.996137176E-2
-8.029670932E-2
3.338268978E-1
1.077842963E0
2.183086377E0
2.105197674E0
3.721767784E0
4.073311841E0
3.834499369E0
4.104800638E0
4.037575356E0
3.094952370E0
3.046668987E0
3.079132190E0
2.593579572E0
2.387050133E0
3.180875909E0
4.520578868E0
6.230869519E0
7.263321267E0
6.631286696E0
6.164382772E0
5.955245911E0
7.419275692E0
7.392355715E0
7.039037081E0
7.063507795E0
5.578722850E0
6.101673307E0
6.681422428E0
6.214380104E0
5.826862552E0
6.097559834E0
6.427225510E0
6.257570273E0
6.273135479E0
6.192275711E0
6.690319046E0
7.331667764E0
8.990577004E0
1.008535380E1
9.676658148E0
9.565646061E0
8.695306330E0
9.606278338E0
1.002368027E1
9.894652024E0
9.885351700E0
1.009810814E1
1.001627244E1
1.033262524E1
9.740275737E0
9.882259643E0
9.919727774E0
1.067719619E1
1.117484366E1
9.827318946E0
9.809136128E0
8.154042201E0
7.884975906E0
8.071374138E0
8.398800332E0
8.488889564E0
9.815233520E0
1.017754023E1
1.013989823E1
1.026419124E1
1.008710690E1
1.014423594E1
1.076235501E1
1.131106365E1
1.215182238E1
1.168393718E1
1.200579205E1
1.311249679E1
1.334364628E1
1.154695628E1
1.101381518E1
1.083050092E1
1.072376450E1
1.132504175E1
1.288892295E1
1.285983618E1
1.287373793E1
1.393422538E1
1.503222756E1
1.530305365E1
1.515364059E1
1.599353780E1
1.637162806E1
1.721136072E1
1.699660402E1
1.757710323E1
1.816607886E1
1.860398845E1
1.794328306E1
1.821178127E1
1.807308241E1
1.803496485E1
1.895882077E1
1.907618257E1
1.928420459E1
1.805712278E1
1.900042186E1
1.887190485E1
2.015891840E1
2.080435237E1
2.085753000E1
2.010940721E1
2.000996518E1
2.034368168E1
2.018974326E1
2.140891230E1
2.213854527E1
2.218352236E1
2.247101286E1
2.319545359E1
2.224139014E1
2.194988531E1
2.239168218E1
2.233006844E1
2.242807865E1
2.277273443E1
2.371382512E1
2.414661185E1
2.391066287E1
2.417228734E1
2.384695474E1
2.441575855E1
2.412187032E1
2.412395441E1
2.508930607E1
2.544439887E1
2.414829942E1
2.499028131E1
2.571373501E1
2.646576103E1
2.679472947E1
2.690687001E1
2.819283800E1
2.738602841E1
2.762586376E1
2.820833709E1
2.786670170E1
2.777050751E1
2.708791142E1
2.640592096E1
2.725702084E1
2.899204144E1
2.889229873E1
2.839368446E1
2.790234045E1
2.764280684E1
2.783788947E1
2.807028962E1
2.794913974E1
2.810168289E1
2.983656028E1
2.957277244E1
2.958943064E1
3.083411053E1
3.141540314E1
3.134417511E1
3.204815653E1
3.121075988E1
3.186894389E1
3.310156916E1
3.204805919E1
3.136281038E1
3.186906347E1
3.305791954E1
3.326704190E1
3.223955053E1
3.191358015E1
3.184300900E1
3.195629146E1
3.211756298E1
3.186005910E1
3.305790475E1
3.408794737E1
3.464869442E1
3.414076250E1
3.488359806E1
3.625652205E1
3.748389926E1
3.798889859E1
3.794616138E1
3.857747346E1
3.816640298E1
3.735616357E1
3.716225292E1
3.712910636E1
3.733359330E1
3.711608753E1
3.705459334E1
3.728861572E1
3.919574038E1
4.024017053E1
4.022984754E1
4.021209993E1
4.181603270E1
4.311237075E1
4.250214973E1
4.103220138E1
4.063608784E1
4.012800070E1
4.035405548E1
4.201281730E1
4.265676107E1
4.312047038E1
4.218219860E1
4.164033400E1
4.078739524E1
4.069597956E1
4.192143672E1
4.178575836E1
4.293911711E1
4.309719928E1
4.416646206E1
4.342417926E1
4.333224737E1
4.398783009E1
4.384733135E1
4.409694390E1
4.478714870E1
4.409731345E1
4.321020473E1
4.332352795E1
4.387526148E1
4.413908335E1
4.416450715E1
4.378688710E1
4.420546899E1
4.399304649E1
4.378898110E1
4.396778229E1
4.352138489E1
4.291838903E1
4.346008132E1
4.352602553E1
4.309303461E1
4.344065988E1
4.325316901E1
4.398530129E1
4.355851782E1
4.416283622E1
4.460450908E1
4.357326478E1
4.171567810E1
4.160763598E1
4.306870720E1
4.417838632E1
4.465572326E1
4.390258357E1
4.303847659E1
4.359078477E1
4.324003618E1
4.311102871E1
4.306988961E1
4.134413895E1
4.110588727E1
4.051444675E1
3.924147572E1
3.865473635E1
3.904942060E1
3.815684621E1
3.722497997E1
3.828861725E1
3.741063702E1
3.708912941E1
3.700071880E1
3.771461356E1
3.789869324E1
3.723887938E1
3.802867461E1
3.784055407E1
3.891851863E1
3.805443834E1
3.820613153E1
3.902484810E1
3.895125014E1
3.780721015E1
3.831212433E1
3.790226502E1
3.648617016E1
3.707608603E1
3.816826295E1
3.806156486E1
3.712309214E1
3.684723249E1
3.646673891E1
3.594627076E1
3.555078213E1
3.684182808E1
3.655274618E1
3.714169587E1
3.905789512E1
3.905480029E1
3.902890979E1
3.896038789E1
3.914880652E1
3.934084550E1
4.027253351E1
3.963966916E1
4.072227076E1
4.124416962E1
4.120380799E1
4.150954184E1
4.335489615E1
4.305797742E1
4.308806258E1
4.387265419E1
4.384408369E1
4.465664484E1
4.456732987E1
4.304667096E1
4.319552098E1
4.412592107E1
4.424132143E1
4.404469319E1
4.372766553E1
4.470305220E1
4.558086601E1
4.485870410E1
4.434922656E1
4.378735002E1
4.431198342E1
4.508801721E1
4.518418730E1
4.624774044E1
4.721255949E1
4.630410989E1
4.622609246E1
4.695160843E1
4.737540317E1
4.719491971E1
4.748193520E1
4.838068269E1
4.907090907E1
5.073031345E1
5.011804876E1
4.993904708E1
5.034008127E1
4.914382072E1
4.890095861E1
4.897844863E1
4.909624106E1
4.905542185E1
4.830338730E1
4.796756270E1
4.915775875E1
4.975163458E1
4.919960595E1
4.877243028E1
4.918057026E1
4.955047842E1
4.988769442E1
5.056660255E1
4.968138911E1
4.896503496E1
4.860772620E1
4.909240760E1
4.999755514E1
5.027625052E1
4.997451777E1
5.016394735E1
4.993752751E1
5.024546382E1
5.110095135E1
5.142525847E1
5.140114147E1
5.114259068E1
5.214898415E1
5.163607204E1
5.212589037E1
5.211900094E1
5.212606791E1
5.209202183E1
5.316906389E1
5.395816044E1
5.303738396E1
5.422550001E1
5.505870945E1
5.413604166E1
5.438947368E1
5.420938990E1
5.311871576E1
5.259440238E1
5.293715079E1
5.265570521E1
5.308918900E1
5.322857699E1
5.495896900E1
5.465605443E1
5.473523504E1
5.729264825E1
5.497367839E1
5.516808452E1
5.393600159E1
5.495644761E1
5.335418999E1
5.283007320E1
5.289691909E1
5.260757995E1
5.270663296E1
5.490220396E1
5.591392458E1
5.736646372E1
5.830535168E1
5.827108345E1
6.021903628E1
5.890959663E1
6.027304044E1
0